0.134340148385284
0.178269085084126
0.216073966917233
0.254740909245123
0.293163562158303
0.330213989519384
0.365105459197721
0.397290125278292
0.426566307885578
0.452888124938838
0.476373146965106
0.497337656370446
0.515924370953153
0.532240724166042
0.546585876180638
0.559236222863076
0.57043438409211
0.580373431134218
0.589167704384008
0.596935376378631
0.603748240323034
0.609773103313851
0.615076756591644
0.619668905077209
0.623618628892848
0.627092363720699
0.63020798490458
0.632967626076255
0.635371224256651
0.637461001094266
0.63936728263568
0.641100134391129
0.642654977603149
0.644064354046263
0.64532203505458
0.646414704365902
0.647393007402404
0.648239812421248
0.648970408090913
0.64966296839488
0.650262262810758
0.650708871200629
0.65111562041673
0.651614410966592
0.652045757825075
0.652308401960187
0.65255340395019
0.652805161317227
0.652986874855898
0.653077641915677
0.653128070887997
0.65322306017236
0.653435034924183
0.653670790451932
0.653781507932851
0.653840042633159
0.653912968791988
0.653962336539453
0.654049712177577
0.654163025451753
0.654219324367312
0.654300590606274
0.654416225594372
0.65455527162617
0.654639394808045
0.654635694129401
0.654692409340004
0.654692299606942
0.654605375188678
0.654507840326503
0.654418642825876
0.65439386305276
0.654388164432154
0.654362223889467
0.654446172937467
0.654617242486278
0.65473660566846
0.654780035115644
0.654746999097202
0.654715136372641
0.654737894390769
0.654713467833312
0.654628432718688
0.654587650287415
0.654625101401431
0.654684202572217
0.65468877088199
0.654671380498113
0.65470362491311
0.654701769057245
0.654749042116343
0.65490459399449
0.654931262786646
0.654907129235402
0.654869593755079
0.654715078667121
0.654630111858205
0.654554262136744
0.654386365028096
0.654311515484907
0.654346978711905
0.654374058217322
0.654383583835389
0.654390041423474
0.654332881635056
0.654225523108159
0.654234219162154
0.654374495423623
0.654520348795022
0.654587665897374
0.654547509870896
0.65453276242473
0.654627144282364
0.65475970067501
0.654793572181003
0.654725743402693
0.65466426511961
0.654695210648143
0.654662035041984
0.654574010541931
0.654580237980846
0.65459144486851
0.654643496093087
0.654726616915782
0.654783511859427
0.65481867652123
0.654811022076721
0.654805992053484
0.654792636804601
0.654770670720256
0.654785315009553
0.654673084594515
0.654480521176499
0.654426868186946
0.654524169744114
0.654651916156351
0.654663714104314
0.654534472047907
0.654342027818792
0.654099366086083
0.653899784270342
0.653879076908432
0.653971982073652
0.65410386658865
0.654162707865134
0.654243304587089
0.654339288098445
0.654327416772765
0.654331374062438
0.654318384442576
0.654306908382347
0.654387598073856
0.654483921763269
0.65449109045746
0.65445214077115
0.65441487857593
0.654432681003676
0.654521133609965
0.654641266431124
0.65471704894196
0.654690085701634
0.654690387451834
0.654725556597517
0.654685740633846
0.654631873762917
0.654604985428101
0.654551283845932
0.654475961973933
0.654412554534996
0.654369264132602
0.654283855860189
0.654205526785609
0.654194334815852
0.654200445744002
0.654179595397662
0.654131100377389
0.654082628187104
0.65408525006668
0.65412188908308
0.654183293654952
0.654299160568537
0.65442855299357
0.654516319672918
0.654618697918279
0.654698245580556
0.654668423016291
0.654618640205144
0.65459282230262
0.654549864704884
0.654432924653131
0.654354814504745
0.654322128367553
0.654240656764003
0.654248733636386
0.654367865937385
0.654455140761687
0.654508833789227
0.654585113937341
0.654634763753829
0.654616727378282
0.65459948617421
0.654616919893434
0.654683485566567
0.654750034293432
0.654794357181557
0.654880531899342
0.654926748003074
0.654901767005344
0.654894399494798
0.654887665496727
0.654769635997119
0.654693188767724
0.654719886572281
0.654675392678859
0.654621052044013
0.65462775207957
0.654640372004226
0.654600177246103
0.654514042309502
0.654479554654055
0.654501654381855
0.654538917363487
0.654655450741114
0.654782160794395
0.654779847845416
0.654698001061481
0.654702720636515
0.654823748549088
0.654833797434167
0.654787216991312
0.654790812865064
0.654806090887016
0.654813344851454
0.654729869735708
0.654584884511373
0.654504903477984
0.654461831429312
0.654437724004695
0.65448954157836
0.65456204463438
0.654645788183125
0.654670855501821
0.654620438559108
0.654643979485681
0.654721399025933
0.654898962246234
0.655144962826579
0.655223829743469
0.655256569114737
0.65524048482193
0.655103132927917
0.654959333828848
0.654870233037287
0.654868123697843
0.65494496395059
0.655058751758365
0.655106327830836
0.655041203308006
0.655066393203444
0.655080168388591
0.654961754943907
0.654798747461768
0.654632060592041
0.654601482297724
0.654574696434486
0.6545861640527
0.654607688210943
0.654606732262864
0.654651692433231
0.6546109628519
0.654474277276411
0.654382554248445
0.65439202770892
0.654379138055652
0.654321192388102
0.654301703114789
0.654292545537687
0.654312212513222
0.654360471745317
0.654367985170463
0.65440723079132
0.654486308026151
0.654594642012224
0.654673849392744
0.654643427976065
0.654549781447461
0.654548440836574
0.654632580892233
0.654758931722453
0.654844476040472
0.654810944050777
0.654781479819533
0.654824039361886
0.654840121488131
0.654774677153738
0.654809162249837
0.654844761643522
0.654778023873933
0.654665792817672
0.65466008166427
0.654812945277292
0.654822022560831
0.654698390772463
0.654651718447551
0.654676209022563
0.654675096604172
0.654693718950537
0.654754347766043
0.654731356157208
0.654692170021553
0.654710511000812
0.654727910858036
0.654707953788174
0.654706374153505
0.654751957175682
0.654816530620947
0.654859534481214
0.654845369738576
0.654774100211752
0.65468773131923
0.654738170109982
0.654817704765221
0.654780793642091
0.654717381416424
0.654687856181799
0.654628318252028
0.654612834547768
0.654604371929715
0.654603462806167
0.654640335583613
0.654616769003184
0.654500577646363
0.654361636212194
0.654312389013401
0.654386787092005
0.654433174465255
0.65441985972458
0.654479216867351
0.654493954984735
0.65440571720872
0.654302358030402
0.654252129134995
0.654223411908928
0.654313018851595
0.654508693763557
0.654619789131095
0.654632814548164
0.654564773114258
0.654511521315785
0.654481160799142
0.654416760703322
0.654273683936833
0.654145762672873
0.654139276900324
0.654164294358831
0.654212834039062
0.654229543418285
0.654234889755534
0.654237531435048
0.654244323478867
0.654298031960773
0.654433476800624
0.654589397163589
0.654665907757478
0.654687404033883
0.654640600454724
0.654664270801398
0.654771824609191
0.654894327157767
0.655016341116147
0.65508869828793
0.655096375338033
0.655072065257402
0.655025738281235
0.654966680359829
0.654922856345996
0.654827681389863
0.654686047109459
0.654702034864071
0.654736958464084
0.654654815994689
0.65465699406608
0.654768301470407
0.654886543476918
0.654914049810804
0.654904203914705
0.654986968387095
0.655107522785739
0.655135955719173
0.655113350506656
0.655115880300738
0.655162009173122
0.655192886321109
0.655194750846872
0.655157890005067
0.655016007820302
0.654853111768312
0.654736002206113
0.654623146487895
0.654589682866376
0.654601289778508
0.654577254113337
0.654437873973549
0.654317630641742
0.65435167925251
0.654497048954384
0.654630616071706
0.654714570267437
0.654872769355357
0.654957765139479
0.654958819919773
0.654980920754796
0.655030907672495
0.655142511124005
0.655201731078326
0.655102618641509
0.655060076311402
0.655138547827449
0.655200064130715
0.655195529737886
0.655140557596305
0.655131857680194
0.655086297914867
0.655017488937548
0.654997716599277
0.654978941269941
0.654989887696555
0.654954237218768
0.654924560813232
0.654953624492565
0.654938895166627
0.654994916930797
0.655105632038446
0.655154410325411
0.655113126924981
0.654979486368004
0.654878224463308
0.654779182474266
0.654643334323447
0.654557443832396
0.654564347386723
0.65453040705659
0.65450511163429
0.654572794378598
0.654581942768774
0.654526331635177
0.65452626446545
0.654605807053626
0.654728773963903
0.654915624752886
0.655018922770782
0.654965537180238
0.654914081016773
0.654875803070973
0.654843104282261
0.654826517664875
0.654813022824106
0.654814846708157
0.654800707107295
0.654780954902359
0.654686951406689
0.654580981104602
0.65455615999545
0.654533479578194
0.654511469277169
0.654521897608917
0.654611166253924
0.654725723072319
0.654812789225806
0.654913909862776
0.654841461563977
0.654729334855789
0.654749550970995
0.654694586341368
0.654595493910836
0.6545320239766
0.654530443961781
0.654638948312134
0.654655070454873
0.65453233051665
0.654444503305243
0.654367241351221
0.654261291943339
0.654137944992451
0.654039255818248
0.654035848920069
0.654112667259782
0.65414339612681
0.65413930293285
0.654231000100388
0.654401407842463
0.654551331157225
0.654626348696039
0.654626655196557
0.654585191508338
0.654591164369707
0.654631011021631
0.654656942037815
0.654725790702697
0.654824543441551
0.654875075850889
0.654889234815732
0.65491038172992
0.65493817321026
0.655001795070153
0.655068423970982
0.655031312327429
0.654919910284557
0.654863758883896
0.654937082473123
0.655109263218397
0.655203678764284
0.655183838692721
0.6551415081246
0.655076537542343
0.654984811623206
0.654833594573023
0.654763774795536
0.654747835690659
0.654697736211173
0.654707720156265
0.654735935055648
0.654835565007018
0.654835091186507
0.654747602071504
0.654737701907483
0.654716497966466
0.654631519958484
0.654483765162392
0.654389994580949
0.654314000730385
0.654229470536174
0.654168704518211
0.654156784052388
0.65423888398532
0.654358896565169
0.654485024064383
0.654634254819235
0.654778523262349
0.65489795891161
0.65492047670939
0.654883519250642
0.654827738607578
0.654795708224021
0.654744868113904
0.654678033248282
0.654587639401711
0.654450076584287
0.654405608391012
0.654517749765781
0.654673069944397
0.654727458734908
0.654755231170225
0.654752216804185
0.654700875183381
0.654700288257055
0.654742503982566
0.654665293831203
0.654565038491821
0.654547208540814
0.6545264461178
0.654493507920907
0.654446385356486
0.654415492233207
0.654417395177143
0.654405062385493
0.654312960635111
0.654263648177096
0.654366982065248
0.654460292896747
0.654534374135835
0.654667139853209
0.654750481200426
0.654704996454371
0.654538609868003
0.654383266344302
0.654381842151895
0.654390857606442
0.654365177404254
0.654415274121502
0.654465876463958
0.654509805955992
0.654606836326537
0.654622262924017
0.65452529704521
0.654451142506336
0.654432446804655
0.654425329101735
0.654509639911135
0.654637279598847
0.654710199333012
0.654766061306229
0.654785720279681
0.654811713427479
0.654732468010977
0.654582254491264
0.654434234728336
0.65434023967002
0.654390332888011
0.654467436280631
0.654479845603826
0.654543934093481
0.654685855570514
0.654746692647157
0.654655382146186
0.654461524380583
0.65430081347823
0.654171814521614
0.654147957878031
0.65426957681167
0.654346796535802
0.654324556799189
0.654277007401044
0.654271609794499
0.654269971477143
0.654268786042266
0.654253897155247
0.654225409057797
0.654216827909664
0.654216510825644
0.654147733521561
0.654044977979106
0.654080241089185
0.654072047808303
0.654066597102911
0.654122762837449
0.654189035517681
0.654306133748426
0.654385544114562
0.654392791842622
0.654435613416742
0.654535673622083
0.654585888276138
0.654596611653622
0.654554548332341
0.654441908731858
0.654362764722001
0.654327338695213
0.654333344891569
0.654411499445095
0.654538761732572
0.654604528025723
0.654588170140146
0.654593830780705
0.654510054783648
0.654354418926523
0.654288453176016
0.654222179066222
0.654181280772789
0.654193767828451
0.654205750645092
0.654243330136634
0.654251239917559
0.65420964043415
0.654221410028001
0.654332081482138
0.65438959429619
0.654351788078229
0.654360674737754
0.654378191739409
0.654390286045504
0.654462278991635
0.654493575572766
0.654533365575772
0.654561732424195
0.654555281554185
0.65458876804219
0.654649987807927
0.654711540126287
0.654687616861856
0.65460159628953
0.654539099012695
0.654504841031081
0.654520083401248
0.654545831020799
0.654517904922055
0.65446713443843
0.654456492431161
0.654418996254087
0.654388299755336
0.654466178306677
0.654588976174634
0.6546634960666
0.654684166153787
0.654770624381048
0.654906890466178
0.654911919315147
0.654820297526317
0.654779588226736
0.654730898833913
0.654657160077484
0.654601175307598
0.65453952523402
0.654523805480026
0.654516049073854
0.654499762064826
0.654606108838619
0.654660366860418
0.654612122196207
0.654642929453356
0.654671853466825
0.654683755624677
0.654724221032314
0.654679051535157
0.654562953809416
0.654486869104062
0.65447627942483
0.654480838625418
0.654417088109778
0.654359473355542
0.65439927585201
0.65445792216178
0.654487098081638
0.654585800298548
0.654610422202742
0.65458457326907
0.654653756051253
0.654750767319205
0.654830030598462
0.654798124201338
0.654702221196271
0.654580679309239
0.654467524272454
0.654466978792248
0.654545119083065
0.654663844652779
0.654718815839475
0.654692554533071
0.654614107399915
0.654450279072735
0.654313605609373
0.654158879344932
0.654055954007961
0.654081452863319
0.654131407564565
0.654214846834643
0.654347706936643
0.654410230486686
0.654393379494901
0.65435221961361
0.654254240251551
0.654249196466797
0.654338061134921
0.654437485082062
0.654558379988959
0.654721383897807
0.654862574410984
0.654800685821159
0.654727058634776
0.654852104605875
0.655007966858307
0.654982764542354
0.654927392436099
0.654963526928583
0.654958669100162
0.654888875934782
0.654760370308098
0.654696411000203
0.654733653652921
0.654776397573009
0.654768176142641
0.654774594400863
0.65485180812393
0.654847037497639
0.654741672106263
0.654654779574795
0.654512284845659
0.654396166334284
0.654412804354069
0.65450669218293
0.654643095946982
0.654638105432978
0.654493190477483
0.654396551001415
0.654353270063134
0.654426364312183
0.654598951198863
0.654686047588459
0.654682175458692
0.654733383613255
0.654717557818899
0.65455712641671
0.654398609655319
0.654310017799675
0.654354170045971
0.654467566384989
0.654565813330952
0.654575756971613
0.654510351404278
0.654452535817439
0.654442392736832
0.654551996735842
0.654690002939175
0.654755267585112
0.654722858973907
0.654673329600936
0.654652466701518
0.654634301167092
0.654617195179248
0.654578673201245
0.654570319939247
0.654533354689259
0.654434952457513
0.655658978701251
0.658367040942523
0.661196060007944
0.663883775307188
0.666313140014897
0.668529141085925
0.670559431458439
0.672282481551616
0.67374443146593
0.675070863157891
0.676340999059392
0.677508952101666
0.678424303009909
0.679198256094655
0.679863159445799
0.680419508230601
0.680972471875247
0.681501488692318
0.682026946844934
0.682470745922242
0.682776061453727
0.683024740212825
0.683278787241194
0.683463834099129
0.683587236411012
0.683762468702908
0.683968901616085
0.684067265916894
0.684137362862152
0.684237830150575
0.684321122078876
0.684446151865124
0.684555154710767
0.684593130740841
0.684635591953766
0.684748941955595
0.684852921550078
0.684911701553052
0.684955662358349
0.684958618901833
0.684973685363697
0.685001341100986
0.685008137126492
0.685058593611504
0.685127192615538
0.685145393544844
0.6851342101196
0.685183425970024
0.685253254742737
0.685263424262538
0.685182294614379
0.685069361423255
0.685030091965222
0.685083339074713
0.685174836793643
0.685196056105744
0.685255823540291
0.685324899655004
0.685298820825587
0.685329699133406
0.685364803837962
0.68533111171302
0.685276747067086
0.685250497777328
0.685296441273426
0.685315415184467
0.685274570463402
0.685241418651884
0.685226656933511
0.685236618902415
0.685294681190131
0.685291928927146
0.685276658184819
0.685274505940383
0.68526765391792
0.685287218931786
0.685344587268984
0.685361933262054
0.685310100349737
0.685304309470299
0.685277679250985
0.68516607328539
0.685067258520592
0.685157693268092
0.685363188332418
0.685490636349005
0.685502962592126
0.685481927668393
0.685458091346129
0.68543302485285
0.685389352684762
0.685313957443053
0.68528190880278
0.685259720243842
0.685264555003579
0.685259670609485
0.685179770626514
0.685107572120135
0.685097077622462
0.685090089003377
0.685006425370673
0.684942952063353
0.684932642861633
0.684953901245329
0.684926088846921
0.684851263974894
0.684843841197737
0.68482515897758
0.684812436363106
0.68490973714153
0.685026719145994
0.685031232632852
0.684960756958199
0.684952561784378
0.684964011433234
0.684956495735687
0.685005627281056
0.685025925135256
0.685054600766691
0.685110920105129
0.685104526966238
0.684989117529788
0.684905822283486
0.684959799894406
0.685075413276825
0.685178337823089
0.685190710397002
0.685149316266354
0.685095490248675
0.685101620810368
0.685070149952657
0.68502703647569
0.68499795772694
0.684923524019137
0.684853858921602
0.68481638119342
0.684813185501929
0.684803320609879
0.68481419790303
0.684886735699385
0.684963297249709
0.684980694784269
0.685050226029796
0.685203797511874
0.685327413544903
0.685376587794992
0.685403560385096
0.685447563472168
0.68546802950601
0.685439666984735
0.685427745826719
0.685415442342142
0.685342618439852
0.68532286219255
0.685310357969045
0.685276072973146
0.685249828159521
0.685196492478637
0.685144371789619
0.685086949424879
0.685078661689884
0.685057253933866
0.68498771405211
0.684947878384314
0.684909151104041
0.684868843653511
0.684859029370314
0.684916811893099
0.684995641499465
0.685022477810073
0.684996697817991
0.684910803091178
0.684858592744784
0.684841851265537
0.684802784596158
0.684748807368011
0.684783511303362
0.684910987305491
0.685005141109173
0.685062978215829
0.685077624922679
0.685074098462931
0.685068186074754
0.685033990636081
0.685057730589121
0.685094215655951
0.685083953812558
0.685125020417379
0.685190913921943
0.685195143647089
0.685125426598926
0.68514582048395
0.685186584427871
0.685161610485452
0.685202205464931
0.685203132347252
0.685234229168647
0.685340863915894
0.685397274666844
0.68548007929519
0.685606540721946
0.685666284901809
0.685668554278044
0.6856833940557
0.685607967053594
0.685437986268591
0.685336961879039
0.685277599838462
0.685176532248364
0.685044496200195
0.684907612882988
0.684808535754314
0.684761506987557
0.684818088539607
0.684933823906791
0.685006882205124
0.684989896693442
0.684972757659195
0.684992347475205
0.68497840782603
0.684927944402882
0.684870158472872
0.684864020968245
0.684906348269716
0.684978229513237
0.685025637597538
0.684998920150964
0.685006520174125
0.685093179373524
0.685176622060005
0.68518973836159
0.685154359987805
0.685176592275141
0.685217294956914
0.68523706020854
0.68523647992069
0.685238418870228
0.685240069924403
0.685228923062924
0.685221693258298
0.685200122440452
0.685225541467044
0.685239102934996
0.685211398913348
0.685205116082952
0.685139714752504
0.685055096370555
0.685002987861453
0.684938754813769
0.684878642871655
0.684854087398608
0.684882528112131
0.684898474240545
0.68492659540703
0.684991167005721
0.685008945600994
0.685002253863136
0.68506724904757
0.685168538676161
0.685136987036425
0.685007298400175
0.684910014346304
0.684877000726874
0.684853943358767
0.684898474697807
0.684952333345924
0.684962885532012
0.685002328347571
0.68507890993876
0.68510936255735
0.685039298060256
0.685036113977272
0.685098466399565
0.6851315618102
0.685203703197534
0.685273816953901
0.685284596134292
0.685261063962372
0.685226195764616
0.685256036512425
0.685292648128068
0.685305261462239
0.685348002912008
0.685399530207397
0.685477348212573
0.685525419241178
0.685521464326341
0.68548622473933
0.685394200797407
0.68529777452401
0.685311355074987
0.685324701139786
0.68527149640256
0.68522738072179
0.68519617524121
0.685146499236026
0.685143469635918
0.685300864249201
0.685445382545723
0.685459409797833
0.685359513810429
0.685324726411119
0.685362612675986
0.685327462716557
0.685291715968145
0.685305301166614
0.685341195962695
0.685370772764893
0.68543424954127
0.685507651451939
0.685470874293196
0.685378144171104
0.685376270655718
0.685393958102099
0.685410356680272
0.68540776375407
0.685386472762183
0.685379130779148
0.685275566716729
0.68510457119196
0.68500125668515
0.685005061659491
0.685032363824661
0.685062988146053
0.685115979052962
0.685175684750143
0.685215053601326
0.685187432367267
0.685130966523628
0.685120363225582
0.685138306672903
0.685167100423828
0.685186728385563
0.685230058834668
0.685266572816672
0.68520347936438
0.685118800738408
0.685064961971659
0.685043569065486
0.685018707707798
0.684988319416485
0.684984286364163
0.684991975503749
0.684987361940724
0.684996539373502
0.685032403547643
0.685048955846175
0.685040796211664
0.68501338519959
0.685053286362992
0.685225973311124
0.685388009719356
0.685369458617797
0.685267296555326
0.685258699146171
0.68525431059433
0.685200082728902
0.685189931958809
0.685197940586314
0.685199319195088
0.685229513285692
0.685272988993595
0.685324686708069
0.68532926736628
0.685194230729974
0.685038330737553
0.684970281965608
0.685035474362243
0.685165459091232
0.68522358758339
0.685202720798941
0.685145294256635
0.685108132677517
0.685188127334098
0.685277381910933
0.685272418668214
0.685306763892748
0.685368140419007
0.685371501336432
0.685347348294454
0.6852973283008
0.685163801947144
0.68508986604079
0.685165528590575
0.685177489413408
0.685111232424287
0.685119103581164
0.685126944387229
0.685106828324013
0.685103698765225
0.685101447042937
0.685098758866168
0.685114565494232
0.685168087389673
0.685198367029879
0.685153759760189
0.685064817983878
0.684931307860872
0.684859530564495
0.684843161178711
0.684812748842115
0.68479924654007
0.684778126581888
0.684820251946738
0.684899580857317
0.684959789962424
0.684996430128576
0.685059144285705
0.685129344947411
0.685196016850945
0.685289256975999
0.68530733869056
0.68526198128114
0.685275805412064
0.685367406880742
0.685425926596482
0.685435775991456
0.685429426115623
0.685425921634464
0.685494869313769
0.68555055120293
0.685556939442603
0.685575736645543
0.685583789568765
0.685507546807426
0.685389327873113
0.685296386222127
0.685212588864473
0.68508747479066
0.684969790798354
0.684900538019893
0.684937599523954
0.685054526288933
0.685130401480756
0.685125902741344
0.685031599613887
0.684937812155182
0.684880047069003
0.684831897450352
0.684809235682755
0.684820410439099
0.684918379887964
0.685063573571853
0.685146529479496
0.685184060458597
0.685274268615417
0.685400992696609
0.685484440879533
0.685506972207484
0.685477422179441
0.685431071665855
0.685372378781314
0.685356386066504
0.685327442865126
0.685256993089806
0.685177965513274
0.685130158218354
0.685138331495254
0.685127360953645
0.685064431163354
0.684985422155622
0.684847254352622
0.684777898532516
0.684845771519622
0.68489816180742
0.684960320865991
0.685039680389299
0.685098020023611
0.685074693350473
0.685101883943807
0.685165567847428
0.685137731251124
0.685145567299169
0.685144867774212
0.685111723472394
0.68506399469154
0.685003017655191
0.684954074599519
0.6848658613639
0.684816435832741
0.684839320836669
0.684845984641612
0.684800412495776
0.684679394227606
0.684575468226393
0.684582979347086
0.684693733967132
0.684847771372348
0.684907881070415
0.684893607101117
0.684852504330297
0.68483400662596
0.684874386016167
0.684954109819013
0.685051827965339
0.685048276066192
0.68503786987672
0.685102558239395
0.685232121897374
0.6853610413706
0.685415670599025
0.685435771029522
0.68537574959914
0.685250556882508
0.68521064532208
0.685249649929766
0.685270678365637
0.685235428543402
0.685139749503712
0.685084851550598
0.685041063880712
0.684951266557705
0.684906174444089
0.68491700512373
0.684932692523851
0.684888387292705
0.684823462043689
0.68482815140934
0.684818896820136
0.684825992998607
0.684897387945026
0.684988642190014
0.685099969363701
0.68516344047066
0.685277967578255
0.685381465788431
0.685397725775654
0.685409707095051
0.685366013325583
0.685290634911591
0.68527390629357
0.685284055599653
0.685227316193541
0.685134864519781
0.685138083728765
0.68524990803282
0.685327720785104
0.685346951736178
0.685378486578355
0.685465244245089
0.685529537846511
0.685497004945044
0.68545682747073
0.685450542328337
0.685446071329021
0.685424880523514
0.685320442121498
0.685209469801556
0.685202101222479
0.68523076276399
0.685256383498023
0.685305380575358
0.685360966932025
0.685385520903132
0.68531738319179
0.68524279715772
0.685240154305649
0.685301483720557
0.685373028408231
0.685364754212568
0.685379433486505
0.685423239917799
0.685465105317975
0.685529676758222
0.685533398445496
0.685503022128443
0.685474651391525
0.685461387698193
0.68549058673435
0.6854957957299
0.685408432733268
0.685337071060116
0.685346069290241
0.685350055174414
0.685344220028204
0.685359142530286
0.685371575773658
0.685359454716314
0.685339227579002
0.685248236238437
0.685130857303893
0.685078497845567
0.685063736963232
0.68512876004476
0.685251663288009
0.685337224906146
0.685367570186886
0.68534545933485
0.685325856576129
0.685346128842626
0.685384281681839
0.685410668838811
0.685363688179363
0.685319153589209
0.685382229540191
0.685474091643878
0.685463761613897
0.685419170179896
0.685394790852553
0.68537071817752
0.68539686325581
0.685351482592561
0.685262462275337
0.685220270028549
0.685264282473805
0.685346575028412
0.685344130699331
0.685320432652594
0.685309654135979
0.685325965759291
0.685373539085428
0.685445888197533
0.68550535664016
0.685482666023721
0.685477640488837
0.685485431811918
0.685455449471983
0.68543704983647
0.68538438047241
0.685361844392799
0.68542342847531
0.68547529098099
0.685475627912631
0.685447320342302
0.685409181563132
0.685391806748428
0.685378248382028
0.685326991701805
0.685281814501093
0.685235899632262
0.685249382356539
0.685315167493323
0.685303248289397
0.685235433507045
0.685176750670688
0.685109724524485
0.685050667019994
0.685036356821776
0.685001172269301
0.684982574995533
0.684993255285725
0.684964849764593
0.684882056280337
0.684790577192545
0.684713278041238
0.68472414256455
0.684795356235302
0.684819993653409
0.68479192199268
0.684768821981131
0.684752891725143
0.684747770471969
0.68478636936961
0.684919382173967
0.685145607471504
0.685290585736825
0.685349757871343
0.68532196436443
0.685282836015173
0.685236673045373
0.685176849953535
0.685193566925516
0.685227207448876
0.685192743358053
0.685116117606352
0.68510694251299
0.685188880954506
0.685260826174948
0.685269756097226
0.685236360793471
0.685202889572246
0.685239891691661
0.68528235007457
0.685302589115362
0.685302430297103
0.685354923922025
0.685400655264843
0.685381931796683
0.685337705381237
0.685256090653577
0.685166242069315
0.685130277367298
0.685104814465044
0.685056083526123
0.685030880547742
0.685031986913354
0.68511978824317
0.685161456593005
0.685084568549755
0.685039992746632
0.684998850631752
0.684945194465566
0.684943468083855
0.684977267055069
0.684999074086333
0.685000497856433
0.685055483654412
0.685122664520814
0.685166668993141
0.685125788556082
0.685014109252839
0.684978973473446
0.684975679355046
0.684937926377264
0.68489212347133
0.684782205309172
0.684647667984665
0.684664013495448
0.684817304636652
0.684967122335414
0.685037770570191
0.68506293849493
0.685136789371275
0.68525888775702
0.685333982441022
0.685296857261654
0.685240089778815
0.685229805686506
0.685219898202552
0.685199681106331
0.685220572818553
0.685258113916441
0.685214740880814
0.685115988525192
0.685076831438395
0.68508392898789
0.685117824075442
0.685122822931024
0.685094295093483
0.68509831745525
0.68511094989335
0.68512164769034
0.685089617796581
0.68507280396331
0.685054600309551
0.685069843033663
0.68516049985867
0.685202879644406
0.685169054039962
0.685172114206202
0.685164060088251
0.685077872714876
0.685095059222066
0.685203152659946
0.685159755216
0.685065522570025
0.685035329910024
0.685008980359999
0.684988676493038
0.684939231108656
0.684885837199074
0.684849522414512
0.684833862581165
0.68479099399923
0.684779243361844
0.684821383090325
0.684828448978613
0.68486465129497
0.684979301217972
0.68510715599667
0.685180995848056
0.68519208405888
0.685260291038643
0.685299177711878
0.685304071700542
0.685383944697257
0.685377177411121
0.685314086480336
0.68530524161005
0.685249664363344
0.68516190788463
0.68514368761357
0.685165270450118
0.685185870517012
0.685191667538746
0.685188964886136
0.685220577782322
0.68527074288908
0.685275071300414
0.685286485291491
0.685279459238768
0.685211205323265
0.685104219151146
0.685023732697877
0.684974662268166
0.684944822464039
0.685018331244831
0.685115091292209
0.685219452376651
0.685264212529274
0.685211731034017
0.685190338552131
0.685196626505934
0.685201550683377
0.685231769476641
0.68517820333454
0.68509922510077
0.685104164995875
0.685119931760282
0.685167626174394
0.684097164443857
0.681538499240415
0.678723727636108
0.676120157125263
0.673796398932325
0.671752371527823
0.66985370082666
0.66802144408745
0.666352098407111
0.664949355060424
0.663721961779622
0.662584983423177
0.661561256787587
0.660746377642136
0.660113415908613
0.659586112100865
0.659126277234493
0.658659097721196
0.658238271546293
0.6578288595384
0.65740363795969
0.657000523782055
0.656674089207912
0.656360795837596
0.656123133607306
0.65599339347243
0.655778018067465
0.655570277607441
0.655404312007429
0.655271613364166
0.655200692246529
0.655134864799319
0.655062455013611
0.654985341594224
0.65485150076009
0.654734791514555
0.654664576807001
0.654542113778622
0.654442652475267
0.654391351575397
0.654320672345752
0.654312638866634
0.654413979626038
0.654474756055862
0.654541984645706
0.654588024447281
0.654519235660393
0.654479034724142
0.654509748713381
0.654577093287183
0.654605032256867
0.654647259166983
0.654757809025798
0.654835206099672
0.654821264077218
0.654736521953337
0.654607485287003
0.654505230845021
0.654400465801268
0.654282113939641
0.654312347850432
0.654374531378266
0.654337207978201
0.654309643497701
0.65429161472588
0.654318832092562
0.654423332976804
0.65449179251889
0.654464207355816
0.654485944222348
0.654534935176892
0.654488236327028
0.654484358424844
0.6544911216815
0.654481441819258
0.654457168025387
0.654397492089267
0.654375503723379
0.654436060515929
0.654481290901061
0.65446725413449
0.654481920114889
0.654532850887799
0.654668205458994
0.654784873325791
0.654849927116264
0.654860287723678
0.654804885034503
0.654777675821172
0.65482126455613
0.654900140980122
0.65490928527134
0.654914694255048
0.654969745846094
0.654990204445388
0.654915145783373
0.654787242521873
0.654764299725059
0.654791285756453
0.654727110179076
0.654655314988312
0.654604933396134
0.654555120244114
0.654557709212617
0.654714019769055
0.65487569432322
0.654958586368149
0.655049234939526
0.655071987259382
0.655079233858431
0.655092235478546
0.654998251282513
0.65491125974426
0.654879601356744
0.654765967190381
0.654687913410469
0.654759742291768
0.654815756047626
0.654791748243802
0.654727115381403
0.654739495245204
0.654735025137807
0.654535677867576
0.654401844074067
0.654428828350264
0.654483869722691
0.654515269457291
0.654558265511333
0.654608457801716
0.654631026630665
0.654608208049429
0.65449031033518
0.654466646203921
0.654495784869104
0.654467264542842
0.654440276478807
0.654397538931313
0.654362208274699
0.654322695255701
0.654273211190041
0.654174643853482
0.654183907506148
0.654360056308825
0.65448716573409
0.654432456734335
0.654345350973102
0.654448091414605
0.654560906024724
0.65451969311611
0.654500334019426
0.654483484622301
0.654485850549564
0.654517052453965
0.654476040035642
0.654391658174361
0.654401745665067
0.654578897425779
0.654763073474194
0.654813334448028
0.654727988413879
0.654604288678497
0.654475821462837
0.654335096621361
0.654164122070648
0.654030771431601
0.65397957190557
0.654027551956811
0.654132889994925
0.654234172309668
0.654358454623823
0.654396998124453
0.654309757534959
0.65418359465543
0.654145513242134
0.654181181854843
0.654210431267337
0.654218247696102
0.654176266765071
0.654199307051448
0.65430521336453
0.654468798814874
0.654599101613733
0.654625823667403
0.654623874437901
0.654689696465221
0.654769766526658
0.654785756693047
0.654808366861705
0.654844143623872
0.65481648332682
0.65473189671691
0.654710069271813
0.654708021420196
0.654629685210634
0.654541916519227
0.654463198699047
0.654398490427225
0.654324811374224
0.654144232930929
0.654019639285242
0.654076038197024
0.65420030565938
0.654357674839437
0.654514172884688
0.654518221875648
0.654505605526162
0.654566618911001
0.654558857755215
0.654530277442506
0.654552552559814
0.654619435799858
0.654648781697706
0.654684852422003
0.654743449827605
0.654749467736314
0.654686629323609
0.654602594349088
0.654606680231021
0.654625257013973
0.654647149906168
0.654782509323955
0.65491473586297
0.654941809946599
0.654893630205262
0.654862433974198
0.654902962295638
0.654837398280027
0.654685678202383
0.654553887959606
0.654449671128069
0.654416901225754
0.654349728813518
0.654271427599661
0.654251697540681
0.654272119460534
0.654374978993949
0.65456006969637
0.654706436583199
0.65478074210158
0.654840864826497
0.654920040787223
0.654971906897508
0.654904806280305
0.654777363703089
0.654701457385716
0.654605104622556
0.654536021790103
0.654493762437218
0.654405436638721
0.654373621489964
0.654323932655343
0.654197657681053
0.654180043132387
0.65426742882083
0.654318681140853
0.654328851960527
0.654292067118379
0.654283357092543
0.654357939812872
0.654381430973909
0.6544007317176
0.654411977307242
0.654425677801418
0.654494152736186
0.654486422035905
0.654471527642477
0.654501727236893
0.654527491113637
0.654562465638837
0.654602319057777
0.654694935391711
0.65485148091211
0.654985903246556
0.655078345646737
0.655121495253415
0.655147351650241
0.65521195767117
0.655320557741261
0.655370956995549
0.655324721813889
0.655260416922554
0.655239425729401
0.655240801940427
0.655310296766426
0.655378023896731
0.655322774451986
0.655203782264175
0.655208306686457
0.655190979719752
0.655007124405146
0.654882427952909
0.654799994938884
0.654690397378014
0.654645138298604
0.654650226661169
0.654701364219524
0.654724392230792
0.654623063238815
0.654580778652321
0.654654281059828
0.654720442747594
0.654806304159329
0.654928504470137
0.654986043180768
0.655076309707018
0.655170350465278
0.6551631827611
0.655083929211332
0.654987736620575
0.654882178294285
0.654812066665737
0.654809665860856
0.654814457059312
0.654820962859998
0.654812965605237
0.654818214050939
0.654801559244615
0.654783875515175
0.654835803799582
0.654926576852049
0.654977117796085
0.654951073332248
0.654914995433579
0.654896628384031
0.654866969961119
0.65490546681474
0.654967729926615
0.65503526108584
0.655098879192695
0.655035972067046
0.654927017971213
0.654844278383789
0.654736423110389
0.654613733253395
0.654543855559922
0.654546865581728
0.654496517670714
0.654395079513449
0.654363274324646
0.654411047126335
0.654448860214958
0.654507612313651
0.65460432557996
0.654624799624277
0.654553955605883
0.654395193537409
0.654234915305373
0.654158937094304
0.654261786958195
0.654360825201599
0.654386079725127
0.654439091319455
0.654444633413677
0.654324051895571
0.654250064863835
0.654219823178517
0.654133019679319
0.654139381030424
0.654209625295444
0.654249352159253
0.654266445921104
0.654244432320527
0.654195697378676
0.654210899327919
0.65430248343799
0.654458785586366
0.654456424296723
0.654353290883078
0.65433265829362
0.654345949073514
0.654401594730441
0.654443276517961
0.65443661642796
0.654454230973536
0.654484207507248
0.654548513686953
0.654566758925584
0.654463624964581
0.654369196469256
0.654365785898276
0.654471907545015
0.654553384172286
0.654602038563145
0.654636099482533
0.654578953704839
0.654526040703887
0.65448682226773
0.654464971893342
0.654524912924831
0.654553721924754
0.654550135291441
0.654451578708311
0.654300933201472
0.654168855021458
0.654127756384414
0.654236522945463
0.654274688128302
0.654287205305562
0.65437486969247
0.654448059709575
0.654491865374909
0.654432909039871
0.654314609266908
0.654310725239991
0.654436258283021
0.654565298665808
0.654695470775809
0.654811692620581
0.654863005645015
0.654892929008675
0.654908537280493
0.654937201613385
0.65493989796611
0.654936224814379
0.654871381088674
0.654818728537976
0.654842652230455
0.654810897235206
0.654756462636376
0.654778398415277
0.654817699563539
0.654816738209607
0.654783662236311
0.654712589581052
0.654733846137274
0.654746411728972
0.654735592185095
0.654780113144892
0.654823057209728
0.654841114020357
0.654754284861488
0.654681281560859
0.654685574628934
0.654727110658049
0.654722952616334
0.654677019683666
0.654658194480913
0.65466871436995
0.654682201471926
0.654690792774633
0.654737442273821
0.65478013395269
0.654870794778266
0.655032565085798
0.655198028531292
0.655272735269668
0.655270922928205
0.655210372971759
0.655089149708484
0.654961656131459
0.654795063195768
0.65468403088532
0.654637861372814
0.654636770186971
0.654651593578807
0.654677752782701
0.654719886572281
0.654647960120477
0.65459959544215
0.65464329838201
0.65466769558966
0.654694581617804
0.65475394768064
0.654792293960668
0.654746900255672
0.654684966400809
0.654638807353311
0.654654733228236
0.654699648826041
0.654693962992049
0.654646265892274
0.654559684157
0.654542686179211
0.654583528354776
0.654681297647822
0.654759341730368
0.654767921721848
0.654745533516318
0.654743574680651
0.654827370250973
0.654926119651049
0.654980416783173
0.654897620360538
0.654763821135179
0.654707584892158
0.654575730475517
0.654389255988786
0.654207793737601
0.654121514685084
0.654164268327191
0.654231790431245
0.654321587984262
0.654388845773352
0.654451907057506
0.654527714874757
0.654623261434406
0.654686536155527
0.654650938496578
0.654608883982624
0.654679785111158
0.654723035854036
0.654635787303965
0.654539530437683
0.654440536217994
0.654402478560812
0.654470295696327
0.654572986905316
0.654600198059026
0.654558015741905
0.654571811888668
0.654626925754704
0.654665330729586
0.654698391251455
0.654801642952282
0.654842906625206
0.654733554330616
0.654616160717802
0.654674790602974
0.654721939114027
0.654660543755674
0.654679582207231
0.65475161431265
0.654827754691316
0.654914382674408
0.654972899250444
0.654890564399063
0.654768118920258
0.654745331109612
0.654745673975594
0.654644586789862
0.654549552968589
0.654502314322617
0.654477693504496
0.654559830334594
0.654587956804155
0.654498961135986
0.65445790134481
0.654501784480131
0.654503780391146
0.654515950680205
0.654558052166618
0.654585966326119
0.654577612668347
0.654610178612386
0.654625979279792
0.654548502800666
0.654515201807437
0.654524746404297
0.654565714464917
0.654570179446269
0.654508895756673
0.654415684322134
0.654337707188429
0.654374438170432
0.654450861953742
0.654487139713917
0.654512909308101
0.654522334247833
0.654581397373864
0.654587909974295
0.654520296277926
0.654493102488745
0.65444963469796
0.654385710187566
0.654315020003152
0.654265826933382
0.654208142540804
0.654166130272912
0.654153709950751
0.654132660906659
0.65411560568047
0.654023504024041
0.653943362772894
0.653933025162701
0.653923119194893
0.653910882255044
0.65386454422967
0.653891507083336
0.654002025192603
0.654047459399901
0.653971221750284
0.653947462746364
0.654061436993517
0.654173417093745
0.654251411705995
0.654273356945561
0.654246907861241
0.654240048645382
0.654273960310277
0.654227842536417
0.654119704213235
0.654097463275331
0.65421555957276
0.654375852446786
0.654475926024271
0.6545280318241
0.654522656403289
0.654418803686854
0.654387546026432
0.654409221755555
0.654369321386198
0.654403513324378
0.654496216798755
0.654623885323066
0.654728472229557
0.654862024024178
0.655033396151722
0.655148504943254
0.655248130037141
0.655192776663327
0.655109777021391
0.655093970269289
0.655008787072853
0.654910064467561
0.654829266442665
0.654709039665281
0.654598851858251
0.654601950108443
0.654658891179143
0.654630646810753
0.654559866280134
0.654661703500369
0.654842044612035
0.654915068247411
0.654866767109196
0.65473827319701
0.654631255084083
0.654618380529178
0.654652212240428
0.654584421893079
0.654492598180444
0.654481368962202
0.654512592352206
0.654618682308982
0.654729475318179
0.654782514046951
0.654815428819644
0.654819980703702
0.654711809695045
0.654608821544596
0.654608426582684
0.654637679748136
0.654687092356227
0.654691998336528
0.654664805728948
0.654756619178854
0.654828845591903
0.654778985278843
0.654696036416818
0.654613894550538
0.654664785396879
0.654753807222956
0.654727172606998
0.654730925324383
0.654767334370444
0.654789633475658
0.65486828493882
0.654958986341378
0.655055920645687
0.655134241826131
0.655119339366399
0.655128730961006
0.655186830478678
0.655176297263228
0.655108955963078
0.654953919975485
0.654773564885282
0.654707662929145
0.654668833554015
0.654663158364836
0.654611669522393
0.654450377954367
0.654316819103198
0.654255488657398
0.654304724542829
0.654281921336428
0.654155894240013
0.654114830844484
0.6541752842225
0.654203144814156
0.654252587236846
0.654273117490049
0.654258031834401
0.654297423410487
0.654383937759717
0.654489515558272
0.654493003612885
0.654506031766999
0.654652275153772
0.654778751669653
0.654795115693125
0.654811198935498
0.65477933333098
0.654637980561909
0.654509400053744
0.654386786133612
0.654232060176741
0.654158983951596
0.654186492101414
0.654320059567522
0.654487857391225
0.654591185182886
0.654561929678246
0.654497365437887
0.654483172857725
0.65445778164722
0.654473992007694
0.654477001837757
0.65451085617946
0.654530090108276
0.654511110689739
0.654492457672541
0.654435618141979
0.654446723637497
0.654460100340375
0.654462658419827
0.654435472418736
0.654408072978116
0.654429628876674
0.654437167614342
0.654407308381174
0.654377879929998
0.654334295991631
0.65425485404337
0.654233433560454
0.654211081058485
0.654118669049043
0.654055907144092
0.654105640172975
0.65418315829392
0.654226418041967
0.654241364271255
0.65430433462215
0.654338627531516
0.654338019494166
0.654376018521987
0.654430809326075
0.654604388497424
0.654789799935855
0.654819887073717
0.654821617789766
0.654817979975387
0.654777202920968
0.654822688371851
0.654936526462855
0.655040809058745
0.655054507206461
0.655047743965478
0.655132107253315
0.655236351459188
0.655245802970485
0.655160149284043
0.655138043964843
0.65512731246358
0.655111215872604
0.655174760235744
0.655282550672483
0.655326689962772
0.655217784077516
0.655169571547321
0.655133721883557
0.655036663204617
0.655012366732543
0.654939071515578
0.654869443395898
0.654852846974255
0.654888538816098
0.654854821121021
0.654702584892494
0.654596393116836
0.654504149389997
0.654447924397436
0.65443806701493
0.654443775655901
0.654440370157423
0.65441779024218
0.6544902956814
0.654642170783762
0.654757751802603
0.654674472280213
0.654536832606641
0.654480167777988
0.65445372143418
0.654507430177509
0.654527875711766
0.654469827322275
0.654410240895849
0.654439736182671
0.654411337624152
0.654326959196912
0.654258015738133
0.654181961826976
0.654174145011554
0.65417353115219
0.654268802138298
0.654411457808515
0.654506161864497
0.654522063650992
0.654548082267263
0.654659431792457
0.653711914576426
0.651631375092635
0.649377605896451
0.647187581747965
0.645299779272543
0.643771154347731
0.642537422693847
0.641414613301957
0.640309021973556
0.639232149227474
0.638233431274416
0.637398169977005
0.63665487832323
0.635881444644552
0.63512308925162
0.634491721028846
0.634028352109002
0.633564328475442
0.633120382315266
0.632771855256663
0.632367783224988
0.632067734526002
0.631882182775167
0.631754458271521
0.631672865371582
0.631632700606157
0.631587643692407
0.631508571820233
0.631438577035516
0.631355976282502
0.631283192305981
0.631262312172299
0.631269793001037
0.631209631920628
0.63116234384746
0.631150740843609
0.631156141052703
0.631036708802156
0.630825724531282
0.630735533245095
0.630771182966387
0.630847204942685
0.630870220439016
0.630846460498025
0.630892406176761
0.630927315462295
0.630885194492499
0.630861038865473
0.630865000703439
0.63088145782493
0.630939842589335
0.630949991784662
0.630887111051616
0.630836202441334
0.630758562348246
0.630708915743323
0.630768859311225
0.630845657594155
0.630855219337431
0.63077246732494
0.630712396345037
0.630631826426584
0.630543693644724
0.630555808008945
0.630489460385139
0.630403980825432
0.630435819477316
0.630485031419264
0.630448920370588
0.630437174515095
0.630482198173332
0.630495164845206
0.630531279384438
0.630614171238182
0.630684359168861
0.630692337507962
0.630770026746026
0.6308737111284
0.630909189190299
0.630895242984361
0.630873775437657
0.630915458015707
0.630870391437619
0.63080584560402
0.630721530717912
0.630528525715835
0.630303053205618
0.630139572759812
0.630191271969588
0.630264798024079
0.630213853891769
0.630155662953905
0.630134048884926
0.63013786377226
0.630065740907929
0.629986029992271
0.630008108962287
0.63005210921999
0.630046144951777
0.630082406361302
0.630164235987415
0.630237036386295
0.630355027166709
0.63044437324651
0.630598711146572
0.630829601763409
0.630973273039945
0.631006311077098
0.631018692418705
0.631082650500558
0.63107789716082
0.63101304489355
0.631005551184024
0.630975135330952
0.631000038027288
0.631047446771225
0.631037501803924
0.63096718582586
0.630855106793882
0.630716058188017
0.630588154898036
0.630579082995326
0.630658918439583
0.630775070168533
0.630781885637143
0.630665354211435
0.630669151736706
0.630771059692767
0.630872662223446
0.630979916012821
0.631063890292953
0.631115861272563
0.631071104898867
0.631034038548263
0.630990659039921
0.63094634648668
0.630948771492798
0.631007697890539
0.631032882176221
0.630972828283923
0.631019420644509
0.631140850608053
0.631263543240006
0.631345975854362
0.631216363701946
0.631020126450173
0.630902421940175
0.630800255682188
0.630577577081014
0.630335827513469
0.630276102029023
0.630166346188692
0.630070580103137
0.630071844507651
0.630114936658851
0.630202533504648
0.63029874714821
0.630442290016135
0.630552573403601
0.630635527605002
0.630686645522831
0.630822068992089
0.631005733366557
0.6310592225806
0.631015855018329
0.630962764593033
0.630882479924255
0.630780466807066
0.630688230175723
0.630573411237172
0.630563771909071
0.630670501059823
0.63077943923091
0.630797932102898
0.630710039882473
0.630630306000253
0.630604692185201
0.630588192423797
0.63059512775253
0.630643672556396
0.630646247986838
0.630597831981557
0.630497654922572
0.630425428011465
0.630418523535048
0.630346048428581
0.630238466312596
0.630179044903276
0.630218649382256
0.630266855348194
0.630345352813409
0.630409310498832
0.630325140446318
0.630229380132039
0.630231137705325
0.630232289260986
0.630215032778759
0.630218343688875
0.630165751843768
0.630116533053458
0.630095598252438
0.630038744542906
0.629997235593683
0.629988977462632
0.629939780656245
0.629858814807547
0.629880688165319
0.629988307898154
0.630098947644407
0.630184568994333
0.630315445307148
0.630490237790131
0.630555272400618
0.630593810480071
0.630646955075572
0.63066534398424
0.630639441708061
0.630627130631559
0.630630322081962
0.630536446970409
0.630399850717744
0.630258652837346
0.630129863894894
0.630095769893318
0.630170226285983
0.630223669105989
0.63022813740191
0.630218257880188
0.630197041703489
0.630295522336967
0.630399245804068
0.630443532448575
0.630495754103394
0.630512651815305
0.630511650243201
0.630463922949935
0.630482932199383
0.630515383100635
0.630462096627428
0.630389244846457
0.630313741030518
0.630357909075897
0.630484351503032
0.6305836406484
0.63061630231323
0.630649065123964
0.630678318714574
0.630679438025565
0.630729472191331
0.630779749598404
0.630797616382179
0.630746418579926
0.630619836389398
0.630615761874122
0.630659849667709
0.630666923808181
0.630766487412247
0.630904569389112
0.631008061761354
0.631056867529875
0.631126854955155
0.6311905213151
0.631160727401693
0.631105617039815
0.631137960516088
0.631168091719202
0.631070408862946
0.630920751985335
0.63082556960228
0.630754209262915
0.630657279143445
0.630607632256322
0.630622744740443
0.630639629326058
0.630640587870411
0.63058455051177
0.63044869518086
0.630337472268679
0.630350002324306
0.630454325332254
0.63054235485192
0.630518660730719
0.63043392290094
0.630471347143421
0.63054269210746
0.630616763329346
0.630733391735229
0.630759708357381
0.630723351642727
0.630722104239978
0.630727265853569
0.630751768140488
0.630837113033675
0.630901373069073
0.630842733892942
0.630731003168416
0.630727523132885
0.630705220723271
0.630596193066663
0.630545610938625
0.630630868859894
0.630772730444376
0.630844179913613
0.630854764297349
0.630824086528981
0.630782506863775
0.630856702852265
0.63098533333595
0.631034547077961
0.631004271533601
0.630864379040969
0.630771969858279
0.630740678701156
0.630709943894343
0.630716658513858
0.630717665215766
0.630740523757355
0.630770524213772
0.63082107263361
0.630834280413216
0.630843334133383
0.630914569432371
0.630891752379463
0.630819814155447
0.630753695213098
0.630641717456249
0.630686228411745
0.630903857639382
0.631016090781219
0.63092453135822
0.630835388809537
0.630899703052341
0.631000316167773
0.631054469608785
0.631049400486886
0.630931769023933
0.63087289217179
0.630872019129868
0.630849025117077
0.630865942927811
0.630820092352299
0.63079482700612
0.630810632061842
0.63085262843349
0.630877404955847
0.630761239282494
0.630693049920324
0.630734714161359
0.630709156454154
0.630683828997995
0.630715287820399
0.630694688163654
0.630667271737309
0.630613126401113
0.630543109779283
0.630523256220951
0.630494591670785
0.630409519119138
0.630376598362347
0.630385029371642
0.6303467664797
0.630426885432715
0.630617855914406
0.630649450089715
0.630552192769898
0.630559883785277
0.630579404154354
0.630535783176756
0.630557468442071
0.630622294942203
0.630585016411575
0.63052279565011
0.630468250644839
0.630390819797254
0.630398431773466
0.630488223871652
0.630529040389102
0.63041855521244
0.630239248311359
0.630086097606563
0.630006897617055
0.629995788695165
0.630043106973685
0.630057199609505
0.630030755002587
0.630047254326693
0.630052516392952
0.629984288031286
0.630006941025412
0.630153252375265
0.630295431173102
0.630495358348548
0.630615890036334
0.630639249223045
0.630692139674171
0.630639639553548
0.630487055574185
0.63045466798268
0.630406996130859
0.63027726425218
0.630153465924936
0.630088482534546
0.630107868874092
0.63007071370747
0.630056589100115
0.630185458798787
0.630334049683933
0.630468015724161
0.630535826065858
0.630536956277976
0.630540201662159
0.630562748950443
0.63059746258226
0.630612071828566
0.630648470606581
0.630577556131039
0.630475261966832
0.630429064717391
0.630406557441366
0.63047562118735
0.630536420658333
0.630578269128698
0.630587619309132
0.630562079321799
0.630418779916108
0.630263881978418
0.63020259200538
0.630110001156803
0.630086108828076
0.630122946902969
0.630162253514661
0.63024440297921
0.630289569921794
0.630360898219555
0.630513498403026
0.630601447035635
0.630594399179553
0.630504537341826
0.630321465286732
0.630214566685969
0.630282680977456
0.63038590289055
0.630450688235549
0.630478770287921
0.630516663453733
0.630614814024404
0.630700278748092
0.630756153396627
0.630888707052588
0.631006562917433
0.631022337419988
0.63092990614871
0.630764666082148
0.630626235906325
0.630565431833797
0.63052408086018
0.630486445358141
0.630451389623996
0.63040786962829
0.63035877090953
0.630293855560493
0.630295629094833
0.630384997693061
0.630401398840121
0.630458899707291
0.630586468211429
0.630635372149378
0.63066243626569
0.630644818219774
0.630463301007664
0.630275898246535
0.630175813803447
0.63010343216023
0.630097141537663
0.630043036746616
0.630024104961915
0.630064219518332
0.630153365007345
0.630288006011571
0.630406841622753
0.630537235056733
0.630639340351811
0.630743699215511
0.630851605806453
0.630911566067857
0.630863608308261
0.630811729768657
0.630864674288193
0.630927583401351
0.630939976063615
0.630899675764206
0.630858088912218
0.630811467154189
0.630801599940633
0.630842273980606
0.630922460460984
0.630975360387659
0.630923819624466
0.630826367164883
0.630743168586476
0.630653337823019
0.630511708723702
0.630375146221161
0.630329946064904
0.630355664283636
0.630391082535621
0.63034893572898
0.630243834513061
0.630219447487448
0.630301634601382
0.630447169574424
0.630463322947592
0.630496697211854
0.630645723647313
0.630767456539626
0.630888487332964
0.630889380807969
0.630836341783924
0.63092163619044
0.630998115859877
0.630964627399412
0.630838696925419
0.630670762728816
0.630628110631682
0.630612762368827
0.630504489089895
0.630375622954458
0.63030411449316
0.630396889501591
0.630510745173167
0.630591068713212
0.630727207387204
0.630783015537309
0.630787004520719
0.630760072329644
0.630752705124885
0.630851268667813
0.630941137915237
0.630895580106338
0.630788658670105
0.630720390513178
0.630760667266037
0.630754546438314
0.6306769158004
0.630744689807215
0.630811627938566
0.630737610430724
0.630636539265551
0.630632989173927
0.630680926700017
0.630728454782807
0.630717922004361
0.630664733396626
0.630611793073197
0.630469889301102
0.630431079262956
0.630515169143801
0.630498383574551
0.630488545063383
0.630488260907994
0.630476847488937
0.630448422229756
0.630386009637622
0.630354062459733
0.630357603430116
0.630421780567088
0.630519694955966
0.63065219802456
0.630639580587897
0.630534390760623
0.630517450570318
0.630475604609224
0.630456012268626
0.630521639107545
0.630521574279267
0.630563547241898
0.630609329624295
0.630544512903981
0.630553028598039
0.630654072201794
0.630756581688068
0.630793268847355
0.630879927106574
0.631054405805906
0.631181460910393
0.63123758338938
0.63130988952162
0.631411595960785
0.631464086980904
0.631447041321971
0.631460379528088
0.631457120942647
0.631463332835507
0.631452674879906
0.631349999310693
0.631242971862932
0.631180256515037
0.631156007117648
0.631058274709762
0.630959814977163
0.633232005979184
0.638052628762915
0.643091267656982
0.647866444658854
0.652148968992653
0.656001258912848
0.659449519466825
0.662494118508001
0.665189642834694
0.667515409219424
0.669497977102618
0.671173572504093
0.672685563023623
0.674102809712343
0.675330013447266
0.676411932944305
0.677357805066871
0.678158732912492
0.678930241302094
0.679619200838037
0.680256896608887
0.680874002644052
0.681346182014662
0.681733666317452
0.68211175677396
0.682425398090765
0.682690469376343
0.68298214805165
0.683299195183671
0.683542775095534
0.683676213674372
0.68380054584195
0.68388880475684
0.683964195416825
0.68412853497345
0.684289694140202
0.68438257745237
0.684513701037523
0.684595741741412
0.68459410377042
0.684638674336085
0.684665884332287
0.684753994107493
0.68491328446081
0.68497753971912
0.685055220957163
0.685104879006866
0.685026227569109
0.685013216828563
0.685060230280004
0.685033911190331
0.685013122483372
0.68507567099997
0.685141971748422
0.685182349676467
0.685192971702307
0.685157409845567
0.685118448706191
0.685093754382191
0.685060046569958
0.6850742672735
0.685070725441172
0.685054893255306
0.684965727365062
0.684883872700491
0.684925106894824
0.684962875600083
0.685040707293388
0.68510375337764
0.685159160872351
0.685196110709502
0.685106396391592
0.685032363824661
0.685048092809524
0.685065140715062
0.685075437644732
0.685159354479735
0.685264505369634
0.685259269028016
0.685240645245077
0.685279781851045
0.685309247625985
0.685223051498839
0.685096749944138
0.685022259329919
0.684972087722152
0.684979479530437
0.685066802647707
0.685161318050396
0.685174975333037
0.685100687887521
0.685023241575638
0.685013980606259
0.685076608470737
0.68516990742613
0.685263761773906
0.685262729842553
0.685233985949608
0.685193561504486
0.685121156650595
0.685128025747717
0.685087231967452
0.685016535105312
0.68505912939027
0.685115368856472
0.685140196304772
0.685175570574638
0.685269766480896
0.685318474124522
0.685299901866935
0.685262283592473
0.685238498288096
0.685277441470348
0.685287699905127
0.685252961896717
0.685210922840814
0.685149187192548
0.68502430280961
0.684942932198816
0.684915958136371
0.684977991610362
0.685059734223369
0.685059238166313
0.684993835358657
0.684921822404875
0.684902086192559
0.684906690497116
0.684958470379004
0.685063216541164
0.685163138108005
0.685194796624993
0.685229121610813
0.685307676176462
0.685401052243372
0.685425291914725
0.685457164869897
0.685531842485014
0.685581718288715
0.685556096545884
0.685482775177444
0.685417990118482
0.685288606798582
0.685169009362085
0.685130188005592
0.685167636102835
0.685248460054385
0.685376102389574
0.685468559946389
0.685456723273888
0.685392907009319
0.685359087941821
0.68538651742337
0.685369161324643
0.685301889779029
0.685264782862695
0.685271169279323
0.68529539496757
0.685300228974022
0.685325118021667
0.685369434262191
0.685334101091341
0.685285453857384
0.68524620843468
0.685190224379499
0.685116410064097
0.685049322816055
0.685079693490274
0.685111277106595
0.685032849516691
0.684945576399078
0.684893869871163
0.68490732077776
0.685019680485705
0.685153442956547
0.685281760362334
0.685345147141311
0.68533745273681
0.685333050347313
0.685351939156445
0.685372091414608
0.685368407937632
0.685316639663622
0.685218732628279
0.685167011067771
0.685212539683114
0.685228332839558
0.685180321186206
0.685128680154844
0.685058583224068
0.684960637774604
0.684860125670903
0.684852489886884
0.684894078466307
0.684945487466283
0.684988319416485
0.68504071225869
0.685130376658066
0.685157519060325
0.685180167755744
0.685237144590222
0.685269785877324
0.685292281311458
0.685330898768359
0.685394265764026
0.685410500125759
0.685412126337874
0.685452886974436
0.685428816247651
0.685375561483056
0.685366702659795
0.685315206740088
0.685259437784929
0.685288304957877
0.685279875696098
0.685231992384918
0.685196026321874
0.685167859035663
0.685166554815869
0.685137636926085
0.685106848182967
0.685111351577101
0.685109957865994
0.685104596472849
0.685064882530129
0.684995799944198
0.6850010982419
0.685088279104474
0.685176612131717
0.685329625147745
0.685447434464497
0.68545237140513
0.68543159221602
0.68538538691933
0.685310298412999
0.685209350668811
0.68516250810385
0.685180990883949
0.685224128174179
0.685214810374276
0.685194444638699
0.685217294956914
0.68522352305472
0.685163073115582
0.685108658481299
0.68509327324865
0.685118305188714
0.685220716767843
0.68526293334232
0.685188657115656
0.685060671262633
0.684995090765286
0.684967960205094
0.684950244919407
0.685001564554613
0.685044476796264
0.685024561012514
0.68499413826634
0.684993299977077
0.685031614967183
0.685098501153233
0.685122500688868
0.685155550512534
0.685234506676141
0.68526162437204
0.685263984669934
0.685234977308748
0.685179468272337
0.685150303262331
0.685093139197574
0.685097677908472
0.68517974626297
0.68521952141254
0.68525917517964
0.685312936440537
0.685308662447082
0.685240337501911
0.685216918165217
0.68521397736622
0.685238607487647
0.685316134356363
0.685339267281059
0.685300987412411
0.685234560819295
0.685149202085681
0.685059044525663
0.684965588775926
0.684850152299591
0.684707227856916
0.684609660713123
0.684607134247531
0.684691445884594
0.684728608712183
0.684637730735582
0.684639280062408
0.684719020601975
0.684774792046623
0.684824980617956
0.684844679701744
0.6849182259313
0.685023554398942
0.685014570589624
0.684965415425157
0.684940630194064
0.684919188029631
0.684940868569406
0.684974930424774
0.685039353135858
0.685064049307676
0.685072928089009
0.685162344740164
0.685216357712513
0.685184759479451
0.685112908662469
0.685054669822117
0.685048559084655
0.685135981074079
0.685226314893915
0.685251405185734
0.685313571244907
0.685368928543894
0.685370703290053
0.685411764558735
0.685463177047264
0.685511329085482
0.685491062121269
0.685376676661994
0.685342113155155
0.685345032999041
0.685300570970188
0.685286420769793
0.685321032708398
0.685325742430074
0.685233444910972
0.685132727101852
0.685103237498971
0.68511906386409
0.685126984103765
0.685105885937109
0.68504326618348
0.6850172049913
0.685068836041147
0.685057258899027
0.685016148252751
0.685010771100058
0.684991831497943
0.684933332251606
0.684870128672349
0.684885723424069
0.684962062095745
0.685105623719676
0.685285880693807
0.685339629105296
0.685347541839258
0.685371124644564
0.685354045993907
0.685325296228311
0.68525916479578
0.685228114893583
0.685272597347966
0.685258758250519
0.685229428902905
0.685215767476409
0.685174975333037
0.685206291612264
0.685273455088741
0.685255634471467
0.68516173909945
0.685143856403981
0.68522872993567
0.685276038230073
0.685288215620419
0.685278611433391
0.685212063154496
0.685127271591491
0.685084831690894
0.685093893397975
0.685167323813912
0.685282618089604
0.685382626074416
0.685431289992659
0.685418173715612
0.685286167189182
0.685157033015125
0.68515719187305
0.685135821753293
0.68508927567651
0.685142656383557
0.685219566086542
0.685268605969822
0.685270916149037
0.685303318229237
0.685386061343508
0.685396238466872
0.685399029477517
0.685358765373513
0.685314656764883
0.685320457467182
0.685344368909629
0.685438388640383
0.685480916427036
0.685401824980123
0.685385709472874
0.685412835009089
0.685407060038853
0.685428687692666
0.685403213030396
0.685351825015508
0.685399272627578
0.685435210787593
0.685384435058502
0.685323893103426
0.685294874295504
0.685293535618176
0.685333238934066
0.68535490857725
0.685369087344001
0.685443622913077
0.685490507350893
0.685504444666528
0.685489902508477
0.685444613915051
0.685370415465627
0.685310997739226
0.685305206868718
0.685262333226608
0.685200543918479
0.685200747439983
0.685267778002103
0.685315519406628
0.685267698131257
0.685228511532842
0.685237451878079
0.685189604332707
0.685147273224939
0.685179245343953
0.685233564495787
0.685262576433804
0.685269339632655
0.685256636177648
0.685229319701631
0.685261902323452
0.685319654387853
0.685317209945667
0.685252451113686
0.685174885978187
0.685098520555365
0.685068766530271
0.685055974292353
0.685016996440178
0.684962513084555
0.684872227319083
0.684780647340905
0.684772092429199
0.684826355141626
0.684910565618059
0.685006921929842
0.685023712836091
0.685032914523638
0.68510847027889
0.685236525050388
0.685364710006606
0.685423691006466
0.68542089515213
0.685394399288909
0.685397279629106
0.685408804895669
0.685389932820177
0.68529848333455
0.685169852362866
0.685190710854035
0.6853221434859
0.685373345549273
0.685313902850348
0.685273841770477
0.685299009423435
0.685334022143438
0.685390656862272
0.685470081801655
0.685496231878012
0.685496400566183
0.685550804211513
0.68558284299351
0.685588779917848
0.685609384830948
0.685609746487066
0.685604870409434
0.685585449563879
0.685502709562708
0.685372566898427
0.685253323774618
0.68521281223711
